ra dec zspec source id
150.0524292 2.29737902 2.1613540649414062 MOSDEF -9999
150.07159424 2.1801362 2.313591480255127 MOSDEF 234
150.08889771 2.18496251 2.073117256164551 MOSDEF 471
150.09063721 2.18515229 2.067838191986084 MOSDEF 532
150.10438538 2.18524051 2.0810115337371826 MOSDEF 541
150.0716095 2.18990088 2.2903168201446533 MOSDEF 964
150.14967346 2.19105363 2.100252151489258 MOSDEF 1014
150.10554504 2.19054222 2.234029531478882 MOSDEF 1067
150.11557007 2.19142079 2.079298973083496 MOSDEF 1148
150.06974792 2.19376016 2.303159475326538 MOSDEF 1382
150.1565094 2.1955905 2.4357798099517822 MOSDEF 1538
150.05900574 2.19767427 2.299863338470459 MOSDEF 1740
150.05488586 2.1982007 2.296999931335449 MOSDEF 1769
150.05769348 2.19742513 2.298558235168457 MOSDEF 1795
150.06164551 2.20538759 2.3158533573150635 MOSDEF 2575
150.12947083 2.2071979 2.307407855987549 MOSDEF 2672
150.05958557 2.20729566 2.298067808151245 MOSDEF 2786
150.07241821 2.20855379 2.3168954849243164 MOSDEF 2872
150.09695435 2.20917034 2.1733601093292236 MOSDEF 2887
150.12249756 2.21033955 2.3080620765686035 MOSDEF 3112
150.13258362 2.21209502 2.1064655780792236 MOSDEF 3146
150.07600403 2.21182942 2.102060556411743 MOSDEF 3182
150.11828613 2.21094251 2.173247814178467 MOSDEF 3185
150.11592102 2.21166992 2.084437608718872 MOSDEF 3226
150.14840698 2.21313357 2.3071937561035156 MOSDEF 3324
150.10473633 2.21573091 2.3246936798095703 MOSDEF 3626
150.07752991 2.21603322 2.085876703262329 MOSDEF 3666
150.07943726 2.21715331 2.3014540672302246 MOSDEF 3895
150.09251404 2.21842647 2.0978128910064697 MOSDEF 3974
150.07723999 2.2185936 2.1055662631988525 MOSDEF 4001
150.06781006 2.21943521 2.441103935241699 MOSDEF 4078
150.08572388 2.22317672 2.197026014328003 MOSDEF 4446
150.07147217 2.22387266 2.441387176513672 MOSDEF 4497
150.10498047 2.22623253 2.4398531913757324 MOSDEF 4717
150.09962463 2.22811079 2.099144697189331 MOSDEF 4915
150.12098694 2.22879481 2.226081132888794 MOSDEF 4930
150.09928894 2.22804236 2.0812649726867676 MOSDEF 4945
150.1403656 2.23018551 2.17148756980896 MOSDEF 5094
150.13833618 2.23000908 2.144277811050415 MOSDEF 5107
150.06158447 2.23363066 2.5220417976379395 MOSDEF 5462
150.12110901 2.23542571 2.43544340133667 MOSDEF 5640
150.05580139 2.23610973 2.4276723861694336 MOSDEF 5681
150.10235596 2.23818326 2.0975489616394043 MOSDEF 5912
150.10946655 2.24007177 2.4413816928863525 MOSDEF 6079
150.11528015 2.24191332 2.223814010620117 MOSDEF 6283
150.0958252 2.24287438 2.438194751739502 MOSDEF 6379
150.09602356 2.24298048 2.0998520851135254 MOSDEF 6417
150.07247925 2.24376678 2.437561511993408 MOSDEF 6425
150.0627594 2.24773169 2.435065507888794 MOSDEF 6826
150.1448822 2.24817467 2.1523327827453613 MOSDEF 6889
150.07658386 2.24968266 2.301342248916626 MOSDEF 6963
150.11836243 2.25172544 2.2236194610595703 MOSDEF 7160
150.10333252 2.25850582 2.4399123191833496 MOSDEF 7735
150.1104126 2.25861549 2.450871706008911 MOSDEF 7747
150.135849 2.25997376 2.1527717113494873 MOSDEF 7883
150.11877441 2.26230001 2.199183464050293 MOSDEF 8067
150.07852173 2.26190209 2.163259506225586 MOSDEF 8081
150.0662384 2.26312828 2.0978713035583496 MOSDEF 8188
150.08650208 2.2643168 2.494039297103882 MOSDEF 8280
150.0849762 2.26406002 2.199354887008667 MOSDEF 8284
150.14877319 2.2720511 2.1988213062286377 MOSDEF 9044
150.11193848 2.27758121 2.491525888442993 MOSDEF 9638
150.06866455 2.27975321 2.1247429847717285 MOSDEF 9801
150.07800293 2.281317 2.0438802242279053 MOSDEF 9973
150.12136841 2.28514028 2.561964988708496 MOSDEF 10056
150.14494324 2.28239441 2.4133574962615967 MOSDEF 10066
150.14953613 2.2830801 2.0975687503814697 MOSDEF 10085
150.06163025 2.2831409 2.3774757385253906 MOSDEF 10143
150.1491394 2.28348541 2.5643045902252197 MOSDEF 10179
150.12892151 2.28411531 2.0999157428741455 MOSDEF 10235
150.14228821 2.28422689 2.1945416927337646 MOSDEF 10280
150.08576965 2.28514099 2.1010327339172363 MOSDEF 10314
150.09515381 2.28778839 2.2200748920440674 MOSDEF 10626
150.09527588 2.28790689 2.3633203506469727 MOSDEF 10657
150.07058716 2.28918958 2.246467351913452 MOSDEF 10719
150.07089233 2.28932238 2.2504403591156006 MOSDEF 10766
150.08439636 2.29048967 2.1032252311706543 MOSDEF 10769
150.07392883 2.29798269 2.0889999866485596 MOSDEF 11494
150.11932373 2.29685378 2.0968751907348633 MOSDEF 11530
150.09049988 2.2973218 2.527358055114746 MOSDEF 11597
150.06837463 2.29837227 2.160098075866699 MOSDEF 11615
150.13363647 2.30281043 2.411191701889038 MOSDEF 12057
150.09968567 2.31181264 2.4425606727600098 MOSDEF 12995
150.11509705 2.31529069 2.1671533584594727 MOSDEF 13296
150.11030579 2.31475353 2.3089752197265625 MOSDEF 13299
150.13871765 2.31530762 2.150836706161499 MOSDEF 13364
150.11271667 2.31943941 2.1659014225006104 MOSDEF 13701
150.06455994 2.32903504 2.4468183517456055 MOSDEF 14596
150.08644104 2.3403616 2.560331106185913 MOSDEF 15776
150.1207428 2.34443998 2.285957098007202 MOSDEF 16141
150.12252808 2.3471179 2.46909236907959 MOSDEF 16342
150.09768677 2.3481586 2.466883897781372 MOSDEF 16482
150.09420776 2.34853315 2.2750353813171387 MOSDEF 16545
150.12495422 2.35021901 2.2862772941589355 MOSDEF 16594
150.08807373 2.3502934 2.553480386734009 MOSDEF 16609
150.06829834 2.3602519 2.0869650840759277 MOSDEF 17762
150.08358765 2.36336637 2.0850419998168945 MOSDEF 18086
150.15029907 2.36412454 2.4650192260742188 MOSDEF 18116
150.13806152 2.36473179 2.328568458557129 MOSDEF 18206
150.1388855 2.36662579 2.4663960933685303 MOSDEF 18396
150.13232422 2.36893296 2.0055227279663086 MOSDEF 18604
150.12805176 2.36944342 2.463838815689087 MOSDEF 18651
150.12928772 2.36957431 2.0845882892608643 MOSDEF 18668
150.05230713 2.36930799 2.5551838874816895 MOSDEF 18672
150.08647156 2.37146759 2.555387496948242 MOSDEF 18859
150.0973053 2.37178826 2.273742198944092 MOSDEF 18924
150.11199951 2.37263298 2.4570960998535156 MOSDEF 19013
150.14154053 2.37319231 2.4616482257843018 MOSDEF 19098
150.10150146 2.37672329 2.466275215148926 MOSDEF 19439
150.10682678 2.37972808 2.4863808155059814 MOSDEF 19712
150.07575989 2.38064408 2.469412088394165 MOSDEF 19753
150.0665741 2.3811903 2.2213826179504395 MOSDEF 19886
150.05485535 2.38146949 2.046090602874756 MOSDEF 19917
150.06034851 2.38277268 2.1881861686706543 MOSDEF 19985
150.06848145 2.38355184 2.1857078075408936 MOSDEF 20062
150.08201599 2.38666105 2.468007802963257 MOSDEF 20368
150.12336731 2.39652991 2.1243720054626465 MOSDEF 21324
150.05541992 2.40240431 2.551417827606201 MOSDEF 21928
150.11531067 2.40918398 2.515545129776001 MOSDEF 22552
150.0909729 2.41233087 2.2758610248565674 MOSDEF 22882
150.05934143 2.42129493 2.54901385307312 MOSDEF 23663
149.738663 2.310203 2.2386 zDEEP 1292629
149.740479 2.309203 2.1045 zDEEP 1292750
149.742676 2.207033 2.5691 zDEEP 1056880
149.745834 2.163604 2.4215 zDEEP 1063399
149.746368 2.084513 2.1934 zDEEP 822207
149.75592 2.149231 2.4148 zDEEP 1065794
149.757202 1.950291 2.337 zDEEP 595206
149.768021 1.993501 2.198 zDEEP 835336
149.775681 2.363593 2.0911 zDEEP 1284822
149.78273 2.319085 2.5375 zDEEP 1291136
149.78801 2.366391 2.092 zDEEP 1284284
149.790131 2.300397 2.1993 zDEEP 1293890
149.799637 2.054771 2.3701 zDEEP 826676
149.809097 2.263069 2.4505 zDEEP 1048542
149.809219 2.303258 2.1884 zDEEP 1293670
149.810181 2.119593 2.3633 zDEEP 816971
149.81189 2.358407 2.2429 zDEEP 1285450
149.814484 2.223505 2.002 zDEEP 1054287
149.816345 1.979491 2.5458 zDEEP 837889
149.827957 2.185632 2.1356 zDEEP 1060076
149.828491 2.343207 2.498 zDEEP 1287899
149.828918 2.352138 2.0234 zDEEP 1286434
149.836594 1.996264 2.5496 zDEEP 834965
149.837433 2.321982 2.503 zDEEP 1290662
149.839157 1.946491 2.188 zDEEP 595457
149.839478 1.998258 2.546 zDEEP 834939
149.842453 1.983135 2.508 zDEEP 837534
149.843521 2.09454 2.2141 zDEEP 820737
149.843887 2.05336 2.4437 zDEEP 827032
149.844025 2.155147 2.2827 zDEEP 1064600
149.861862 2.322656 2.0128 zDEEP 1290850
149.862167 2.178249 2.28 zDEEP 1061340
149.8638 2.050403 2.0061 zDEEP 827406
149.872055 1.974418 2.5434 zDEEP -99
149.880798 2.287034 2.0878 zDEEP 1044958
149.887848 2.364134 2.0668 zDEEP 1284756
149.889771 2.103703 2.2853 zDEEP 819486
149.890274 2.069648 2.2203 zDEEP 824490
149.890457 2.197477 2.3757 zDEEP 1058280
149.891388 2.175508 2.2841 zDEEP 1060376
149.892715 2.191784 2.275 zDEEP 1058876
149.89299 2.08709 2.3751 zDEEP 821866
149.893936 2.090931 2.2102 zDEEP 821069
149.896469 2.179885 2.4425 zDEEP 1036420
149.89859 2.087574 2.2098 zDEEP 796684
149.901901 2.27071 2.0903 zDEEP 1022637
149.902145 2.212783 2.2784 zDEEP 1031432
149.904358 2.180603 2.5474 zDEEP 1036123
149.910492 2.08395 2.0843 zDEEP 797562
149.911972 2.001466 2.3858 zDEEP 809093
149.912521 2.049648 2.0065 zDEEP 802437
149.916718 2.00914 2.0735 zDEEP 808462
149.917221 1.974457 2.475 zDEEP 813622
149.917633 2.073541 2.5561 zDEEP 799050
149.919693 2.059472 2.432 zDEEP 801109
149.920288 2.020381 2.0468 zDEEP 806598
149.924072 2.311491 2.1515 zDEEP 1268522
149.927475 2.260899 2.4232 zDEEP 1024124
149.929138 2.298248 2.035 zDEEP 1270379
149.93045 2.194517 2.2806 zDEEP 1034158
149.93158 2.061577 2.5556 zDEEP 800920
149.932953 1.962226 2.4515 zDEEP 815321
149.933487 2.1919 2.135 zDEEP -99
149.935944 2.202933 2.0492 zDEEP 1032911
149.936066 2.121758 2.0907 zDEEP 791928
149.936188 2.04738 2.2094 zDEEP 802751
149.936356 2.306538 2.0935 zDEEP 1269266
149.936401 2.346041 2.1025 zDEEP 1263017
149.938019 2.217211 2.4523 zDEEP 1030795
149.938629 2.301513 2.2614 zDEEP 1269946
149.939575 2.197725 2.375 zDEEP 1033661
149.941666 2.286053 2.2045 zDEEP 1020499
149.943192 2.058137 2.2257 zDEEP 801313
149.94838 2.110779 2.317 zDEEP -99
149.948441 2.174262 2.0035 zDEEP 1037312
149.955017 2.315619 2.001 zDEEP 1267773
149.955429 2.093969 2.2198 zDEEP 796052
149.955673 2.142233 2.09 zDEEP 1041248
149.955963 2.230133 2.4187 zDEEP 1028761
149.956696 2.091475 2.5543 zDEEP 796323
149.957352 2.193319 2.2009 zDEEP 1034243
149.958313 1.963904 2.0587 zDEEP 815241
149.959686 2.368352 2.0902 zDEEP 1259269
149.960358 2.157762 2.2969 zDEEP 1039824
149.966354 1.942899 2.33 zDEEP 572244
149.967316 2.226792 2.3405 zDEEP 1029283
149.968704 2.127439 2.1256 zDEEP 1043888
149.970062 2.093404 2.2825 zDEEP 796129
149.972244 2.144865 2.4295 zDEEP 1041333
149.973923 2.019137 2.153 zDEEP 806703
149.9767 2.080727 2.0096 zDEEP 797943
149.978973 2.137399 2.5407 zDEEP 1042395
149.980743 2.292369 2.1018 zDEEP 1044072
149.981262 2.035406 2.4235 zDEEP 804870
149.982941 2.11823 2.051 zDEEP 792498
149.983139 2.11426 2.1803 zDEEP 792779
149.983215 2.140793 2.1326 zDEEP 1041824
149.983978 2.060596 2.2855 zDEEP 800979
149.984558 1.965616 2.5825 zDEEP 815027
149.985168 2.265222 2.5244 zDEEP 1023574
149.988327 2.207003 2.4578 zDEEP 1032335
149.988403 2.060347 2.496 zDEEP 801030
149.989441 1.948968 2.5745 zDEEP 571134
149.992203 2.110844 2.178 zDEEP 793168
149.993576 2.067136 2.4268 zDEEP 800039
149.993652 2.360828 2.254 zDEEP 1260551
149.993683 1.957822 2.3295 zDEEP 569987
149.994888 2.212349 2.5563 zDEEP 1031636
149.995026 2.062159 2.424 zDEEP 800832
149.995026 2.239803 2.446 zDEEP 1027232
149.996872 2.017103 2.0353 zDEEP 807204
149.997238 2.19759 2.5531 zDEEP 1033441
149.999863 2.134995 2.4938 zDEEP 1042813
150.002289 2.295723 2.0967 zDEEP 1270632
150.003799 2.150742 2.0986 zDEEP 1040642
150.005463 2.166487 2.0023 zDEEP 1038419
150.005569 2.094921 2.265 zDEEP 795892
150.005966 2.190532 2.1873 zDEEP 1034754
150.007828 2.249362 2.4414 zDEEP 1025855
150.007858 2.21063 2.4173 zDEEP 1031813
150.010712 2.332955 2.2545 zDEEP 1264767
150.020142 1.932062 2.3846 zDEEP 574061
150.025131 2.028777 2.1552 zDEEP 805715
150.027603 2.248289 2.2786 zDEEP 1025990
150.028763 2.232747 2.2179 zDEEP 1028335
150.028839 2.330363 2.1477 zDEEP 1265458
150.031708 2.098756 2.3 zDEEP -99
150.033569 2.235491 2.5602 zDEEP 1027684
150.03569 2.289587 2.4498 zDEEP 1019840
150.037491 2.193803 2.0938 zDEEP 1034240
150.037979 2.216912 2.4265 zDEEP 1030321
150.038147 2.044924 2.1459 zDEEP 803193
150.044083 2.094777 2.062 zDEEP 795895
150.046051 2.166504 2.0045 zDEEP 1038435
150.046631 2.314031 2.1634 zDEEP -99
150.048599 2.065494 2.0566 zDEEP 800431
150.052139 2.046292 2.4935 zDEEP 802784
150.053238 2.151276 2.4352 zDEEP 1038590
150.053314 1.961038 2.1239 zDEEP 815491
150.05368 2.023659 2.544 zDEEP 806192
150.054092 2.016419 2.4957 zDEEP 807449
150.059036 2.24053 2.2869 zDEEP 1027221
150.062531 2.302299 2.101 zDEEP 1244727
150.062576 1.977799 2.2284 zDEEP 787985
150.063751 2.135373 2.1554 zDEEP 1017961
150.063751 1.964642 2.5313 zDEEP 790184
150.064346 2.135173 2.2233 zDEEP 1017959
150.06485 2.341569 2.09 zDEEP 1238609
150.066574 2.34301 2.4955 zDEEP 1238516
150.069412 2.3212 2.0833 zDEEP 1241679
150.079941 2.235183 2.0977 zDEEP 1002633
150.080048 1.946416 2.0595 zDEEP 546592
150.080597 2.072111 2.4088 zDEEP 774212
150.084381 2.356042 2.084 zDEEP 1236457
150.084808 1.958134 2.4301 zDEEP 544874
150.085144 2.208677 2.055 zDEEP 1006785
150.086395 2.177864 2.0904 zDEEP 1011504
150.087845 2.116723 2.0971 zDEEP 767306
150.088425 2.248489 2.299 zDEEP 1000524
150.088715 1.969282 2.2329 zDEEP 789671
150.093414 2.344893 2.0882 zDEEP 1238170
150.097046 2.270184 2.0879 zDEEP 997207
150.100616 2.024456 2.2127 zDEEP 780597
150.102127 1.9306 2.3402 zDEEP 549324
150.118759 2.33757 2.5566 zDEEP 1239045
150.119202 2.017362 2.3925 zDEEP 782393
150.119324 2.224123 2.227 zDEEP 1004243
150.12117 2.162472 2.2308 zDEEP 1013877
150.123688 1.951408 2.4306 zDEEP 546001
150.131439 2.127211 2.1679 zDEEP 1019115
150.134171 1.985728 2.2412 zDEEP 786100
150.134445 2.283634 2.4115 zDEEP 995389
150.134827 2.355805 2.4473 zDEEP 1236926
150.137405 2.072816 2.0649 zDEEP 774012
150.137909 2.360973 2.2304 zDEEP -99
150.141998 2.265092 2.2 zDEEP 998073
150.145584 2.157726 2.1718 zDEEP 1013614
150.145767 2.341309 2.3591 zDEEP 1238738
150.146072 2.00695 2.2351 zDEEP 784085
150.159103 2.244352 2.485 zDEEP 1001171
150.159439 2.113466 2.3237 zDEEP 767730
150.160034 2.354728 2.568 zDEEP 1237031
150.160324 2.119519 2.1063 zDEEP 766831
150.161011 2.275899 2.5 zDEEP 996496
150.161194 2.035392 2.3418 zDEEP 779593
150.163437 2.000676 2.2314 zDEEP 784836
150.165192 2.154372 2.2364 zDEEP 1014101
150.168396 1.990972 2.1174 zDEEP 785703
150.168518 2.217379 2.5117 zDEEP 1005277
150.17009 2.306365 2.1001 zDEEP 1243990
150.17157 2.021297 2.0476 zDEEP 781745
150.174713 2.345986 2.514 zDEEP 1238122
150.184555 2.266249 2.45 zDEEP 997749
150.185379 2.086629 2.4952 zDEEP 771685
150.185669 2.18942 2.5224 zDEEP -99
150.18576 2.135056 2.1062 zDEEP 1017669
150.18808 2.118086 2.1792 zDEEP 767300
150.191238 2.109648 2.1755 zDEEP 768621
150.194275 2.135422 2.585 zDEEP 1017899
150.195694 2.101392 2.573 zDEEP 768105
150.196487 2.295694 2.0113 zDEEP 1245641
150.200119 2.026491 2.1472 zDEEP 780899
150.202652 2.109306 2.1817 zDEEP 768660
150.206543 2.056318 2.2712 zDEEP 776319
150.20726 2.015293 2.2197 zDEEP 782854
150.208405 1.989533 2.234 zDEEP 786382
150.208862 2.225652 2.4385 zDEEP 1004062
150.209793 1.986636 2.231 zDEEP 786883
150.210281 2.17698 2.4128 zDEEP 1011630
150.21138 2.322889 2.4657 zDEEP 1241520
150.211578 1.969312 2.1163 zDEEP 789705
150.216873 2.080795 2.2392 zDEEP 772354
150.219849 1.979377 2.2622 zDEEP 787002
150.227829 1.996991 2.5754 zDEEP 759875
150.230804 2.315288 2.4088 zDEEP 1218262
150.232605 2.146517 2.472 zDEEP 990733
150.234711 2.132479 2.2191 zDEEP 992928
150.235443 2.215851 2.0136 zDEEP 979967
150.235519 2.361755 2.5007 zDEEP 1210099
150.237854 2.137061 2.5641 zDEEP 992034
150.241989 2.174005 2.2233 zDEEP 986447
150.242676 2.358366 2.27 zDEEP -99
150.2435 2.180645 2.2221 zDEEP 985408
150.247665 1.963539 2.2419 zDEEP 765381
150.251892 2.270464 2.1035 zDEEP 971721
150.251907 2.181616 2.0547 zDEEP 984575
150.252487 1.98027 2.2239 zDEEP 762715
150.253784 2.324248 2.4685 zDEEP 1216968
150.253784 2.291126 2.4696 zDEEP 969124
150.25473 2.109923 2.0514 zDEEP 743237
150.259796 2.283164 2.5128 zDEEP 970330
150.26178 2.251375 2.1003 zDEEP 974581
150.262009 1.974025 2.2159 zDEEP 763632
150.262054 2.019667 2.4099 zDEEP 756932
150.263504 1.998686 2.1888 zDEEP 759813
150.264755 2.113352 2.5697 zDEEP 742755
150.268311 1.967824 2.546 zDEEP 764658
150.269257 2.088442 2.1768 zDEEP 746400
150.271484 2.244809 2.5003 zDEEP 975515
150.277069 2.344829 2.1531 zDEEP 1213506
150.278625 2.273104 2.5337 zDEEP 971555
150.278915 2.215206 2.1464 zDEEP 980131
150.280411 1.953006 2.2451 zDEEP 520282
150.280899 2.249531 2.5748 zDEEP 974987
150.284149 2.307642 2.0408 zDEEP 1219369
150.286438 1.936287 2.0572 zDEEP 522898
150.289154 2.064663 2.341 zDEEP -99
150.289719 2.177955 2.597 zDEEP 985955
150.290161 2.168873 2.1473 zDEEP 987255
150.292145 2.17609 2.0991 zDEEP -99
150.294067 2.15732 2.0974 zDEEP 989049
150.294785 2.360982 2.1609 zDEEP 1211156
150.295975 2.345384 2.4673 zDEEP 1213144
150.29744 2.364072 2.3452 zDEEP 1210503
150.301743 1.973212 2.5354 zDEEP 763890
150.303864 2.103946 2.161 zDEEP 744046
150.304153 2.160311 2.0993 zDEEP 988051
150.304276 2.337578 2.452 zDEEP 1214598
150.305939 2.195693 2.3254 zDEEP 983032
150.30629 2.27179 2.5796 zDEEP 971698
150.308151 1.966763 2.3044 zDEEP 764850
150.309402 2.297401 2.5969 zDEEP 1220852
150.316498 2.278801 2.5777 zDEEP -99
150.319153 2.225037 2.4936 zDEEP 978537
150.332489 2.239163 2.4926 zDEEP 975788
150.334976 2.366532 2.315 zDEEP 1210202
150.3358 2.292524 2.2179 zDEEP 993875
150.33786 2.237913 2.4924 zDEEP 976310
150.341919 2.190741 2.3498 zDEEP 983893
150.342224 2.07912 2.416 zDEEP 746903
150.34259 2.150933 2.1 zDEEP 990021
150.354355 2.352673 2.4537 zDEEP 1212409
150.355682 2.148273 2.0318 zDEEP 990411
150.356842 2.120517 2.0354 zDEEP 741809
150.357941 2.041451 2.479 zDEEP 752870
150.360458 2.055922 2.4429 zDEEP 751394
150.360809 2.05867 2.4257 zDEEP 751075
150.372589 2.021062 2.4117 zDEEP 757011
150.373108 2.255713 2.149 zDEEP 974046
150.376175 2.107647 2.0102 zDEEP 743435
150.376236 2.129261 2.0501 zDEEP 993381
150.377304 2.257811 2.198 zDEEP 973749
150.37738 2.311787 2.1467 zDEEP 1218745
150.380508 2.274523 2.1986 zDEEP 971142
150.384003 2.338121 2.5092 zDEEP 1214641
150.38414 2.269107 2.4798 zDEEP 971821
150.384705 2.190523 2.5001 zDEEP 983910
150.393784 2.194606 2.0381 zDEEP 983281
150.401794 1.938208 2.4013 zDEEP 498925
150.408066 2.165059 2.4117 zDEEP 962541
150.410187 2.182451 2.485 zDEEP 959847
150.410522 2.071246 2.3399 zDEEP 725405
150.41423 1.96508 2.2297 zDEEP 739921
150.422119 1.945215 2.2192 zDEEP 497777
150.423782 2.061045 2.0988 zDEEP 725015
150.4254 2.162422 2.5496 zDEEP 962964
150.428284 2.029667 2.0967 zDEEP 730934
150.428329 1.93687 2.5514 zDEEP 499256
150.436951 2.051972 2.2491 zDEEP 727912
150.438492 2.204765 2.4763 zDEEP 956468
150.438583 2.255938 2.4799 zDEEP 948952
150.439743 2.239087 2.1581 zDEEP 951466
150.441772 2.219848 2.5727 zDEEP 954027
150.442001 2.000886 2.3516 zDEEP 734836
150.444595 1.958226 2.2736 zDEEP 496201
150.447357 1.982669 2.3746 zDEEP 737537
150.44812 2.176381 2.5997 zDEEP 960846
150.449539 2.081252 2.2457 zDEEP 723500
150.452728 2.349042 2.2804 zDEEP 1189806
150.453171 2.064973 2.3348 zDEEP 726170
150.453552 2.006364 2.4788 zDEEP 733838
150.454391 2.277814 2.2652 zDEEP 945731
150.454453 2.085872 2.0872 zDEEP 722954
150.455597 2.108145 2.1764 zDEEP 720040
150.458267 1.97387 2.4855 zDEEP 738753
150.459793 2.147234 2.0023 zDEEP 965409
150.46109 2.122625 2.0099 zDEEP 740739
150.462067 2.297345 2.0159 zDEEP 1196871
150.462738 2.174337 2.3166 zDEEP 960923
150.46373 2.257836 2.1519 zDEEP 948673
150.464661 1.962296 2.3623 zDEEP 740401
150.465546 2.240985 2.4761 zDEEP 951186
150.465607 2.367224 2.0165 zDEEP 1187230
150.466492 2.343694 2.0158 zDEEP 1190641
150.467377 2.048567 2.563 zDEEP 728372
150.467468 2.182942 2.5139 zDEEP 959666
150.467712 2.037298 2.0216 zDEEP 729908
150.469086 2.292741 2.1531 zDEEP 968730
150.470886 2.139676 2.148 zDEEP 966542
150.472885 2.188847 2.5789 zDEEP 958886
150.477646 2.227479 2.205 zDEEP 953105
150.488739 2.361322 2.1473 zDEEP 1187761
150.500412 2.356565 2.0042 zDEEP 1188377
150.505386 2.237835 2.1909 zDEEP 951611
150.509796 2.013374 2.3579 zDEEP 733151
150.516129 2.118638 2.1475 zDEEP 718416
150.518295 2.120684 2.158 zDEEP 718195
150.518936 1.964036 2.1042 zDEEP 739772
150.520599 1.981722 2.083 zDEEP 736760
150.521469 2.343806 2.5992 zDEEP 1190616
150.521759 2.052717 2.0725 zDEEP 727829
150.525131 2.267538 2.5819 zDEEP 947225
150.526443 1.960473 2.2127 zDEEP 740677
150.527176 2.270973 2.1993 zDEEP 946712
150.529907 2.065785 2.396 zDEEP 726065
150.530411 2.007468 2.3267 zDEEP 733933
150.539261 2.327599 2.5329 zDEEP 1193021
150.542877 2.090557 2.2231 zDEEP 722477
150.566574 1.948599 2.2854 zDEEP 475471
150.571671 2.292927 2.5738 zDEEP 1150005
150.574341 2.064583 2.3277 zDEEP 702137
150.574432 2.179411 2.2296 zDEEP 935821
150.576736 2.124564 2.2375 zDEEP 717300
150.576904 2.114508 2.3262 zDEEP 694476
150.577362 2.052008 2.0292 zDEEP 703819
150.581345 2.005025 2.2875 zDEEP 710498
150.583527 2.283718 2.3263 zDEEP 920865
150.598404 2.141423 2.3361 zDEEP -99
150.60054 2.058656 2.0318 zDEEP 702887
150.603851 2.314758 2.4602 zDEEP 1171249
150.605438 2.262031 2.1894 zDEEP 923780
150.606125 1.981537 2.1452 zDEEP 714075
150.10273743 2.18377852 2.19792 3DHST 419
150.10473633 2.18741131 2.02225 3DHST 691
150.09532166 2.19557595 2.58766 3DHST 1556
150.12553406 2.19913578 2.49908 3DHST 1928
150.12586975 2.19932294 2.32676 3DHST 1966
150.13163757 2.20055699 2.23006 3DHST 2062
150.14758301 2.20106006 2.02225 3DHST 2140
150.13891602 2.20285606 2.06792 3DHST 2331
150.18310547 2.21020412 2.13303 3DHST 3045
150.18757629 2.20975876 2.55907 3DHST 3050
150.16807556 2.21129632 2.17561 3DHST 3179
150.1569519 2.2128818 2.08484 3DHST 3350
150.12181091 2.2132237 2.17402 3DHST 3364
150.06626892 2.21484447 2.54664 3DHST 3577
150.13386536 2.21548843 2.01169 3DHST 3648
150.09837341 2.21527624 2.1299 3DHST 3653
150.07449341 2.21572804 2.37873 3DHST 3694
150.12654114 2.21748114 2.1003 3DHST 3897
150.12165833 2.22057366 2.00266 3DHST 4158
150.12037659 2.22126698 2.16135 3DHST 4292
150.1270752 2.22325206 2.55729 3DHST 4453
150.11726379 2.22389054 2.03133 3DHST 4502
150.08966064 2.22354913 2.07714 3DHST 4504
150.09757996 2.22424889 2.08947 3DHST 4566
150.07174683 2.22721672 2.10341 3DHST 4870
150.08766174 2.22896719 2.13146 3DHST 5012
150.18276978 2.23008299 2.09411 3DHST 5083
150.084198 2.22975111 2.12208 3DHST 5117
150.18089294 2.23046398 2.01621 3DHST 5148
150.15750122 2.23015451 2.14873 3DHST 5152
150.18434143 2.23133659 2.19153 3DHST 5250
150.18666077 2.2319591 2.17402 3DHST 5283
150.05427551 2.23317719 2.10962 3DHST 5355
150.05467224 2.2333343 2.0833 3DHST 5379
150.07330322 2.23299599 2.45734 3DHST 5389
150.07344055 2.23331976 2.30026 3DHST 5415
150.05406189 2.23352909 2.06332 3DHST 5426
150.182724 2.23485756 2.21074 3DHST 5433
150.16139221 2.23495722 2.18834 3DHST 5530
150.12886047 2.23491001 2.35852 3DHST 5540
150.1913147 2.23587894 2.28215 3DHST 5571
150.07524109 2.23612976 2.1299 3DHST 5686
150.12519836 2.23659682 2.43666 3DHST 5706
150.11209106 2.23684978 2.24625 3DHST 5725
150.10090637 2.23657441 2.10185 3DHST 5735
150.12504578 2.23697925 2.1299 3DHST 5758
150.12483215 2.23697329 2.08638 3DHST 5803
150.16912842 2.23839569 2.16135 3DHST 5814
150.11598206 2.23819947 2.57334 3DHST 5871
150.07077026 2.23817825 2.18197 3DHST 5874
150.18940735 2.23814201 2.47815 3DHST 5901
150.09469604 2.23991251 2.04348 3DHST 6053
150.17185974 2.24070239 2.01169 3DHST 6159
150.17985535 2.24234605 2.20272 3DHST 6279
150.09811401 2.24283051 2.18356 3DHST 6347
150.07183838 2.24338531 2.25763 3DHST 6406
150.06376648 2.2439816 2.44699 3DHST 6429
150.1630249 2.24749112 2.12833 3DHST 6750
150.19360352 2.24792051 2.28215 3DHST 6817
150.10298157 2.2484169 2.4712 3DHST 6820
150.06489563 2.2486515 2.33676 3DHST 6875
150.14266968 2.24886823 2.13616 3DHST 6883
150.07670593 2.24917364 2.08793 3DHST 6939
150.07723999 2.24925208 2.29861 3DHST 6947
150.08125305 2.24985242 2.04195 3DHST 6960
150.1063385 2.25157928 2.16293 3DHST 7136
150.07434082 2.25161457 2.1772 3DHST 7145
150.18496704 2.25584936 2.08947 3DHST 7561
150.10559082 2.2575295 2.16927 3DHST 7650
150.14868164 2.25883579 2.09875 3DHST 7769
150.07002258 2.25973153 2.29202 3DHST 7813
150.06562805 2.26099634 2.07714 3DHST 7884
150.06394958 2.26115227 2.10651 3DHST 7951
150.06622314 2.26212883 2.10496 3DHST 8003
150.06738281 2.26129699 2.07253 3DHST 8006
150.14508057 2.26268411 2.53248 3DHST 8051
150.07234192 2.26204276 2.10185 3DHST 8068
150.10421753 2.26492858 2.38719 3DHST 8375
150.09838867 2.26593447 2.09102 3DHST 8509
150.12216187 2.26810122 2.05873 3DHST 8617
150.05838013 2.26722455 2.1003 3DHST 8636
150.09741211 2.2684586 2.08638 3DHST 8700
150.06895447 2.26927829 2.16927 3DHST 8775
150.06095886 2.26967239 2.01319 3DHST 8859
150.16317749 2.27189159 2.06792 3DHST 9092
150.10316467 2.27280855 2.06485 3DHST 9151
150.19438171 2.27331686 2.21556 3DHST 9178
150.08587646 2.27505851 2.21877 3DHST 9362
150.1635437 2.27508616 2.51486 3DHST 9393
150.1257019 2.27526426 2.09875 3DHST 9395
150.0758667 2.27716589 2.1346 3DHST 9577
150.14129639 2.27821231 2.19312 3DHST 9653
150.05949402 2.28000975 2.47467 3DHST 9818
150.19622803 2.2822063 2.55374 3DHST 10012
150.08343506 2.28578138 2.1003 3DHST 10347
150.13941956 2.28528643 2.01621 3DHST 10369
150.10054016 2.28717947 2.01772 3DHST 10444
150.09423828 2.28726935 2.40757 3DHST 10565
150.14541626 2.2874012 2.19153 3DHST 10591
150.05480957 2.28926277 2.12052 3DHST 10748
150.09849548 2.28974271 2.1174 3DHST 10754
150.11695862 2.29328609 2.14559 3DHST 11137
150.07331848 2.29329729 2.43494 3DHST 11142
150.08421326 2.29332805 2.05567 3DHST 11151
150.08427429 2.29393888 2.16135 3DHST 11200
150.16409302 2.29436445 2.06792 3DHST 11271
150.11956787 2.29578662 2.09102 3DHST 11337
150.08148193 2.29891276 2.04652 3DHST 11724
150.15290833 2.29876328 2.50433 3DHST 11726
150.10604858 2.30013084 2.09102 3DHST 11762
150.15805054 2.2989707 2.17561 3DHST 11763
150.17320251 2.29965091 2.02527 3DHST 11776
150.17355347 2.30004573 2.09566 3DHST 11840
150.17251587 2.30120444 2.28051 3DHST 11944
150.07461548 2.30201101 2.1346 3DHST 12020
150.15071106 2.30282784 2.25275 3DHST 12110
150.1187439 2.30269337 2.55374 3DHST 12148
150.17758179 2.30511427 2.0972 3DHST 12339
150.07731628 2.30480814 2.10185 3DHST 12368
150.179245 2.30706692 2.26252 3DHST 12549
150.13435364 2.30732942 2.52542 3DHST 12577
150.17880249 2.30711651 2.09256 3DHST 12587
150.19252014 2.30803275 2.01018 3DHST 12591
150.19641113 2.30955338 2.06639 3DHST 12794
150.08969116 2.31272411 2.45389 3DHST 13060
150.09609985 2.31346965 2.01319 3DHST 13083
150.10557556 2.31424236 2.25112 3DHST 13194
150.10279846 2.3176775 2.44526 3DHST 13543
150.09991455 2.31968522 2.14401 3DHST 13761
150.10011292 2.32041645 2.52366 3DHST 13764
150.07209778 2.32402492 2.0833 3DHST 14171
150.06665039 2.32430863 2.21877 3DHST 14180
150.07310486 2.32646155 2.09566 3DHST 14428
150.1091156 2.32938075 2.5662 3DHST 14626
150.08966064 2.33157349 2.04348 3DHST 14903
150.06918335 2.3337872 2.55729 3DHST 15065
150.17698669 2.33446169 2.16768 3DHST 15164
150.06819153 2.33434129 2.51662 3DHST 15165
150.09255981 2.33639932 2.02376 3DHST 15316
150.19883728 2.33723283 2.22522 3DHST 15424
150.13366699 2.33850431 2.04804 3DHST 15518
150.08045959 2.33966112 2.53071 3DHST 15656
150.11506653 2.33989167 2.01169 3DHST 15679
150.12181091 2.3413322 2.4401 3DHST 15792
150.08979797 2.34102488 2.25926 3DHST 15794
150.12591553 2.34150982 2.07406 3DHST 15835
150.17828369 2.3461895 2.5662 3DHST 16359
150.11810303 2.34780598 2.48685 3DHST 16527
150.09912109 2.34789014 2.53601 3DHST 16534
150.07304382 2.34854889 2.27232 3DHST 16536
150.16816711 2.34836173 2.44699 3DHST 16540
150.09460449 2.34890866 2.27723 3DHST 16605
150.09156799 2.35240602 2.1174 3DHST 16869
150.09829712 2.35157871 2.14559 3DHST 16874
150.08065796 2.35378456 2.2756 3DHST 17093
150.15356445 2.35772848 2.55374 3DHST 17427
150.13635254 2.35718608 2.06792 3DHST 17463
150.0945282 2.35825491 2.50608 3DHST 17517
150.09480286 2.35905862 2.57691 3DHST 17600
150.08357239 2.36209011 2.18197 3DHST 17920
150.05923462 2.36285019 2.02981 3DHST 17981
150.09620667 2.36309981 2.15819 3DHST 18016
150.17373657 2.36405802 2.47641 3DHST 18121
150.08398438 2.36483836 2.0756 3DHST 18209
150.09854126 2.36535811 2.36356 3DHST 18252
150.13670349 2.36602402 2.58945 3DHST 18320
150.12484741 2.36709547 2.1003 3DHST 18416
150.05197144 2.3697679 2.25112 3DHST 18710
150.13111877 2.37006903 2.09875 3DHST 18733
150.08792114 2.3704021 2.36188 3DHST 18742
150.14752197 2.37011766 2.466 3DHST 18751
150.08705139 2.37045217 2.56442 3DHST 18767
150.1598053 2.37118149 2.47641 3DHST 18857
150.16355896 2.3724339 2.08638 3DHST 18925
150.14651489 2.37231255 2.08022 3DHST 18977
150.11117554 2.37329888 2.44182 3DHST 19090
150.11038208 2.37359762 2.48163 3DHST 19134
150.11027527 2.37412214 2.23006 3DHST 19153
150.10028076 2.37692738 2.27396 3DHST 19454
150.11009216 2.37732482 2.45561 3DHST 19499
150.14517212 2.37818456 2.00567 3DHST 19563
150.13327026 2.3787477 2.20432 3DHST 19572
150.1471405 2.37792969 2.14244 3DHST 19576
150.07527161 2.37940502 2.19472 3DHST 19680
150.10778809 2.37949491 2.20272 3DHST 19705
150.18717957 2.38015485 2.38042 3DHST 19736
150.12802124 2.3804915 2.06639 3DHST 19801
150.08625793 2.38141561 2.46773 3DHST 19891
150.14886475 2.38387394 2.49558 3DHST 20092
150.17066956 2.3836031 2.40928 3DHST 20118
150.17338562 2.38414884 2.53248 3DHST 20135
150.17329407 2.3850801 2.09411 3DHST 20252
150.18031311 2.38773012 2.5219 3DHST 20475
150.18135071 2.3876791 2.19952 3DHST 20499
150.11195374 2.38844752 2.04043 3DHST 20545
150.16152954 2.39095259 2.01772 3DHST 20746
150.07049561 2.3931005 2.2236 3DHST 21002
150.14775085 2.39748645 2.09411 3DHST 21410
150.09230042 2.39893842 2.37198 3DHST 21477
150.09336853 2.39862609 2.50608 3DHST 21541
150.10824585 2.39930081 2.16927 3DHST 21570
150.05789185 2.40083838 2.47989 3DHST 21743
150.15299988 2.40434885 2.55374 3DHST 22044
150.13233948 2.41116738 2.045 3DHST 22695
150.08908081 2.41121221 2.27069 3DHST 22724
150.10360718 2.41172099 2.40928 3DHST 22804
150.07122803 2.41378546 2.34511 3DHST 22977
150.07147217 2.41453314 2.42808 3DHST 22995
150.06814575 2.41546917 2.48163 3DHST 23134
150.10519409 2.41641998 2.47467 3DHST 23210
150.07243347 2.41613889 2.55374 3DHST 23212
150.06626892 2.41654873 2.51662 3DHST 23237
150.08757019 2.41851807 2.05109 3DHST 23299
150.10714722 2.41830921 2.49209 3DHST 23334
150.06639099 2.42121387 2.23167 3DHST 23673
150.14176941 2.42227268 2.00567 3DHST 23734
150.11517334 2.42553139 2.0972 3DHST 24020
150.06040955 2.43015528 2.18197 3DHST 24301
150.06419373 2.43049574 2.01922 3DHST 24421
150.13900757 2.43374944 2.23167 3DHST 24701
150.05670166 2.43466282 2.46946 3DHST 24763
150.10066223 2.43854785 2.46253 3DHST 25090
150.1084137 2.43971491 2.1772 3DHST 25229
150.14984131 2.44207835 2.04957 3DHST 25403
150.09396362 2.44244981 2.50608 3DHST 25443
150.07374573 2.44302726 2.1772 3DHST 25474
150.06906128 2.44399381 2.43666 3DHST 25515
150.10209656 2.44338655 2.09411 3DHST 25576
150.10801697 2.44431233 2.03739 3DHST 25616
150.10533142 2.4453516 2.48337 3DHST 25692
150.07965088 2.44955325 2.19792 3DHST 26039
150.10279846 2.44971013 2.58228 3DHST 26073
150.06974792 2.45252323 2.50433 3DHST 26345
150.12512207 2.45578432 2.26415 3DHST 26651
150.12464905 2.46155334 2.45561 3DHST 27071
150.10031128 2.46255851 2.47641 3DHST 27120
150.15179443 2.46318126 2.09875 3DHST 27246
150.16612244 2.47132516 2.05567 3DHST 27793
150.13961792 2.48189425 2.04957 3DHST 28546
150.13934326 2.48177195 2.36188 3DHST 28565
150.13946533 2.48252487 2.045 3DHST 28690
150.15632629 2.4852469 2.05873 3DHST 28884
150.37741 1.938318 2.208 VUDS 5100521696
150.18688 1.948517 2.4988 VUDS 5100546580
150.38672 2.066264 2.4192 VUDS 5100749467
150.31713 2.063564 2.452 VUDS 5100750191
150.33591 2.06163 2.413 VUDS 5100750518
150.38424 2.043793 2.5916 VUDS 5100753530
150.35032 2.024258 2.4849 VUDS 5100756455
150.37581 2.00292 2.3534 VUDS 5100759431
150.32924 1.990217 2.2856 VUDS 5100761170
150.29614 1.968757 2.4766 VUDS 5100763941
150.18811 2.113879 2.5551 VUDS 5100767196
150.21896 2.111198 2.1856 VUDS 5100767716
150.21053 2.104489 2.245 VUDS 5100769351
150.16788 2.071518 2.4278 VUDS 5100773383
150.18813 2.071606 2.4428 VUDS 5100774255
150.20767 2.060965 2.4453 VUDS 5100775427
150.20405 2.063203 2.22 VUDS 5100775708
150.22237 2.059182 2.42 VUDS 5100775860
150.16647 2.01496 2.2324 VUDS 5100782847
149.87818 2.11698 2.4726 VUDS 5100816688
149.78594 2.12005 2.1455 VUDS 5100816842
149.79967 2.11414 2.2232 VUDS 5100818126
149.80769 2.112087 2.4142 VUDS 5100818163
149.81029 2.110961 2.2133 VUDS 5100818194
149.8114 2.110924 2.2797 VUDS 5100818196
149.8639 2.110218 2.426 VUDS 5100818370
149.88523 2.09962 2.4477 VUDS 5100819629
149.77879 2.101985 2.3166 VUDS 5100819730
149.79351 2.099976 2.3065 VUDS 5100820103
149.83092 2.09203 2.2132 VUDS 5100820904
149.89002 2.091076 2.5177 VUDS 5100821369
149.84656 2.089151 2.2129 VUDS 5100821639
149.77688 2.082293 2.1958 VUDS 5100822200
149.81135 2.068911 2.2918 VUDS 5100824484
149.87516 2.067372 2.2155 VUDS 5100824669
149.78954 2.066267 2.2407 VUDS 5100824982
149.85441 2.063404 2.1984 VUDS 5100825294
150.40433 2.167413 2.213 VUDS 5100962101
150.3584 2.280368 2.3285 VUDS 5100970554
150.29426 2.275004 2.4245 VUDS 5100970986
150.32605 2.264997 2.1509 VUDS 5100972674
150.29822 2.2459 2.146 VUDS 5100974743
150.30024 2.246251 2.4736 VUDS 5100974753
150.31602 2.244567 2.5832 VUDS 5100975642
150.36527 2.243684 2.5834 VUDS 5100975910
150.2277 2.236016 2.4821 VUDS 5100977050
150.29764 2.176849 2.4522 VUDS 5100986097
150.25002 2.165185 2.3899 VUDS 5100987744
150.3905 2.158113 2.5972 VUDS 5100988642
150.23907 2.153263 2.3025 VUDS 5100989632
150.32709 2.149491 2.0057 VUDS 5100990266
150.22977 2.140046 2.2852 VUDS 5100991778
150.20668 2.283033 2.4605 VUDS 5100995200
150.227 2.275502 2.436 VUDS 5100996522
150.21952 2.269203 2.5993 VUDS 5100997323
150.16478 2.260697 2.446 VUDS 5100998761
150.22519 2.249809 2.0983 VUDS 5101000426
150.18253 2.235927 2.1908 VUDS 5101002470
150.22732 2.236137 2.3586 VUDS 5101002505
150.15286 2.181428 2.2811 VUDS 5101010526
150.1511 2.163309 2.1405 VUDS 5101013782
150.17661 2.16106 2.4023 VUDS 5101013999
150.20182 2.161475 2.4664 VUDS 5101014145
150.18785 2.160743 2.169 VUDS 5101014292
150.21575 2.152538 2.1675 VUDS 5101015423
150.16976 2.140895 2.1711 VUDS 5101017171
150.22058 2.136986 2.3156 VUDS 5101017728
150.19673 2.292641 2.1328 VUDS 5101019304
149.74223 2.285155 2.4397 VUDS 5101045052
149.87568 2.275081 2.4329 VUDS 5101046721
149.80855 2.272279 2.3366 VUDS 5101047109
149.79162 2.268436 2.3459 VUDS 5101047135
149.80711 2.247469 2.5604 VUDS 5101049546
149.88123 2.253884 2.4988 VUDS 5101049936
149.8433 2.253443 2.1645 VUDS 5101049971
149.86877 2.247194 2.5355 VUDS 5101050489
149.88338 2.245164 2.4386 VUDS 5101050971
149.81513 2.242113 2.1044 VUDS 5101051556
149.79422 2.240973 2.2769 VUDS 5101051735
149.79825 2.23869 2.2672 VUDS 5101052056
149.7883 2.192857 2.4548 VUDS 5101059073
149.85092 2.19147 2.2346 VUDS 5101059122
149.89187 2.176372 2.2772 VUDS 5101060345
149.85581 2.181415 2.1713 VUDS 5101060861
149.7787 2.180108 2.3672 VUDS 5101060943
149.78612 2.179184 2.2009 VUDS 5101061123
149.8084 2.161496 2.5037 VUDS 5101063605
149.812 2.153396 2.2647 VUDS 5101065082
149.81716 2.151446 2.2667 VUDS 5101065161
149.77871 2.139817 2.1173 VUDS 5101066802
149.78253 2.137212 2.263 VUDS 5101067651
150.32557 2.360177 2.4859 VUDS 5101211337
150.32961 2.359151 2.3158 VUDS 5101211442
150.25042 2.346265 2.5033 VUDS 5101213323
150.35148 2.341159 2.5889 VUDS 5101213958
150.2477 2.332621 2.4759 VUDS 5101215577
150.33342 2.325282 2.2522 VUDS 5101216692
150.32968 2.319498 2.4693 VUDS 5101216818
150.24005 2.321546 2.5878 VUDS 5101216892
150.23204 2.318071 2.0617 VUDS 5101217793
150.254 2.304919 2.5085 VUDS 5101218392
150.33201 2.30952 2.1785 VUDS 5101218888
150.2997 2.310852 2.1317 VUDS 5101218959
150.32748 2.300986 2.5938 VUDS 5101220332
149.864738 1.942723 2.3744 VUDS 510123102
150.14763 2.367186 2.452 VUDS 5101235293
150.1642 2.365403 2.4571 VUDS 5101235549
150.17002 2.360769 2.4626 VUDS 5101236265
150.16078 2.349238 2.3068 VUDS 5101237723
150.15372 2.337016 2.4408 VUDS 5101239530
150.17929 2.328692 2.5585 VUDS 5101240553
150.18837 2.329189 2.2879 VUDS 5101240563
150.15046 2.3166 2.2758 VUDS 5101242475
150.21575 2.312179 2.5025 VUDS 5101243212
149.85933 2.361495 2.4221 VUDS 5101285136
149.81556 2.35923 2.4719 VUDS 5101285479
149.8012 2.348799 2.4431 VUDS 5101286960
149.86865 2.335431 2.4712 VUDS 5101288604
149.79743 2.337291 2.4693 VUDS 5101288717
149.79967 2.321153 2.5006 VUDS 5101291110
149.85977 2.318611 2.4144 VUDS 5101291549
149.875 2.315763 2.0158 VUDS 5101291907
149.83634 2.313843 2.102 VUDS 5101292020
149.84561 2.295793 2.2263 VUDS 5101293053
149.819511 1.962536 2.5149 VUDS 510132817
150.044786 1.975637 2.4824 VUDS 510139850
150.066238 2.12246 2.3523 VUDS 510220218
150.090406 2.1512 2.2976 VUDS 510236484
150.038404 2.177673 2.4311 VUDS 510251353
149.93418 2.234089 2.3028 VUDS 510283065
150.051702 2.23767 2.4373 VUDS 510286178
150.033697 2.303534 2.038 VUDS 510319584
150.10517 1.953287 2.3422 VUDS 510545734
150.06278 1.948748 2.1876 VUDS 510545851
150.06953 1.944824 2.3309 VUDS 510546094
150.07994 1.949867 2.4951 VUDS 510546380
150.06791 1.942323 2.5463 VUDS 510547614
150.13859 1.937083 2.3735 VUDS 510548045
150.12209 1.935396 2.3863 VUDS 510548478
149.96119 1.95458 2.495 VUDS 510570486
149.95033 1.95176 2.2665 VUDS 510570865
150.05306 1.948074 2.0549 VUDS 510571567
149.90933 1.945726 2.5437 VUDS 510571668
149.96573 1.942759 2.4753 VUDS 510572245
149.94257 1.942125 2.2142 VUDS 510572393
149.91355 1.940396 2.306 VUDS 510572612
149.93937 1.938912 2.5029 VUDS 510572671
149.86669 1.952681 2.5979 VUDS 510594820
149.8708 1.946205 2.5587 VUDS 510594826
149.79431 1.952244 2.5236 VUDS 510594954
149.87566 1.951686 2.5625 VUDS 510594985
149.82652 1.938228 2.5017 VUDS 510595977
150.11275 2.122132 2.1352 VUDS 510766577
150.14733 2.116769 2.1647 VUDS 510767381
150.09252 2.1117 2.2883 VUDS 510768339
150.10526 2.109952 2.5298 VUDS 510768599
150.1035 2.104096 2.4292 VUDS 510768915
150.11942 2.078901 2.4172 VUDS 510772823
150.09427 2.070558 2.4625 VUDS 510774421
150.11773 2.07016 2.3038 VUDS 510774446
150.0885 2.061168 2.2731 VUDS 510775677
150.1092 2.059046 2.4956 VUDS 510775967
150.11976 2.04754 2.1068 VUDS 510776661
150.06233 2.048057 2.5395 VUDS 510777439
150.13987 2.023903 2.1293 VUDS 510781352
150.12771 1.991696 2.5304 VUDS 510786123
150.1263 1.980771 2.3668 VUDS 510787830
150.11189 1.977432 2.4563 VUDS 510788005
150.09913 1.979259 2.5289 VUDS 510788069
150.10111 1.974308 2.4537 VUDS 510788880
149.90184 1.960391 2.5935 VUDS 510791249
149.98688 2.125213 2.5844 VUDS 510791469
149.98908 2.116284 2.437 VUDS 510792657
149.90205 2.115799 2.0737 VUDS 510792843
149.95433 2.102948 2.4265 VUDS 510794774
149.94347 2.088711 2.4207 VUDS 510796580
150.03483 2.084678 2.3898 VUDS 510797261
149.94051 2.07277 2.3407 VUDS 510799175
149.98534 2.07128 2.4281 VUDS 510799304
149.8984 2.0715 2.327 VUDS 510799393
149.96591 2.069733 2.5053 VUDS 510799661
149.92118 2.067633 2.2115 VUDS 510799958
149.99643 2.06778 2.1527 VUDS 510800077
149.95213 2.062781 2.5545 VUDS 510800237
149.95985 2.061613 2.3976 VUDS 510800850
149.93956 2.052416 2.3172 VUDS 510802200
149.89524 2.028955 2.1121 VUDS 510805979
150.05114 2.022484 2.4874 VUDS 510806200
149.9646 2.025278 2.5931 VUDS 510806235
149.89806 1.987699 2.542 VUDS 510811272
149.96453 1.977486 2.49 VUDS 510813145
149.99792 1.97127 2.3903 VUDS 510813937
150.04618 1.967607 2.4814 VUDS 510814730
149.91564 1.966152 2.59 VUDS 510814934
149.88652 2.11365 2.4594 VUDS 510817244
149.82271 2.047161 2.343 VUDS 510828040
149.81327 2.040681 2.4818 VUDS 510829001
149.73623 2.027978 2.449 VUDS 510830907
149.88704 2.025844 2.0105 VUDS 510831295
149.83384 2.022649 2.582 VUDS 510831694
149.88294 1.989454 2.3061 VUDS 510836060
149.82596 1.986973 2.4616 VUDS 510836806
149.73779 1.985552 2.547 VUDS 510836980
149.81759 1.983298 2.374 VUDS 510837509
149.88431 1.978337 2.4339 VUDS 510838307
149.86062 1.975455 2.5539 VUDS 510838687
149.78549 1.966794 2.5779 VUDS 510839982
150.11948 2.284595 2.5355 VUDS 510995442
150.13193 2.272704 2.56 VUDS 510996891
150.09388 2.265662 2.0978 VUDS 510998000
150.08062 2.242843 2.4416 VUDS 511001423
150.09524 2.242337 2.097 VUDS 511001467
150.07697 2.189087 2.2351 VUDS 511006489
150.12498 2.190862 2.2813 VUDS 511009605
150.08692 2.185087 2.3787 VUDS 511010096
150.08871 2.177316 2.4167 VUDS 511011237
150.13973 2.179061 2.411 VUDS 511011249
150.299488 1.94142 2.512 VUDS 5110122479
150.383445 1.957003 2.2304 VUDS 5110130410
150.09778 2.140253 2.5274 VUDS 511016554
150.07654 2.145309 2.56 VUDS 511016670
150.309098 2.062991 2.5245 VUDS 5110187449
150.0824 2.129057 2.3122 VUDS 511018769
150.03721 2.289272 2.4439 VUDS 511019860
149.93181 2.28936 2.5651 VUDS 511019868
149.93595 2.290144 2.5574 VUDS 511019888
149.93402 2.276653 2.1356 VUDS 511021820
149.837504 2.1227 2.3798 VUDS 5110220472
150.212436 2.123181 2.5097 VUDS 5110220834
149.852552 2.126338 2.534 VUDS 5110222807
149.98025 2.271623 2.39 VUDS 511022315
149.95663 2.272989 2.4944 VUDS 511022381
149.9453 2.264231 2.4434 VUDS 511023658
149.90032 2.258921 2.4977 VUDS 511024357
149.95331 2.254232 2.3098 VUDS 511025184
149.98907 2.251143 2.1164 VUDS 511025675
149.833679 2.191474 2.533 VUDS 5110259991
149.99516 2.237341 2.4485 VUDS 511027238
149.9877 2.238159 2.1471 VUDS 511027524
150.376308 2.24024 2.5105 VUDS 5110286287
149.95029 2.228429 2.4402 VUDS 511029010
150.155132 2.256635 2.4727 VUDS 5110295022
149.789746 2.264466 2.4806 VUDS 5110299369
149.854704 2.325964 2.3222 VUDS 5110332497
149.785287 2.32869 2.1047 VUDS 5110333485
150.196687 2.359716 2.5729 VUDS 5110350719
149.99092 2.187562 2.2217 VUDS 511035263
149.89977 2.186976 2.4247 VUDS 511035338
149.96084 2.177973 2.4166 VUDS 511036744
149.97744 2.175108 2.2641 VUDS 511037109
149.93083 2.175234 2.1369 VUDS 511037160
150.0593 2.17144 2.0845 VUDS 511037540
149.90254 2.166591 2.5751 VUDS 511037579
149.91941 2.154001 2.3966 VUDS 511040285
149.95858 2.148327 2.1863 VUDS 511040894
149.95391 2.142624 2.4226 VUDS 511041246
149.95584 2.142755 2.4193 VUDS 511041251
149.91328 2.13577 2.3695 VUDS 511042313
150.09892 2.346936 2.5512 VUDS 511236728
150.09711 2.349276 2.4662 VUDS 511236765
150.13022 2.300095 2.5487 VUDS 511245061
150.11507 2.299542 2.492 VUDS 511245269
150.10998 2.298704 2.5792 VUDS 511245286
149.95206 2.366308 2.4465 VUDS 511259739
150.0549 2.361915 2.5183 VUDS 511260418
149.9872 2.355167 2.4738 VUDS 511261584
149.94554 2.347874 2.5799 VUDS 511262269
149.99944 2.336352 2.5811 VUDS 511264470
150.04304 2.316956 2.442 VUDS 511267244
149.97301 2.312008 2.5509 VUDS 511268457
149.9593 2.307599 2.551 VUDS 511268936
150.400169 1.955848 2.2833 VUDS 5120496674
150.211493 1.945019 2.3348 VUDS 5120546616
150.326908 2.094127 2.2825 VUDS 5120745673
150.338628 2.077568 2.5447 VUDS 5120746915
150.256677 1.992786 2.1078 VUDS 5120760967
150.251781 1.981743 2.014 VUDS 5120762672
150.381335 1.976723 2.4045 VUDS 5120763450
150.317744 1.966848 2.3762 VUDS 5120764906
150.226341 2.107506 2.1964 VUDS 5120768934
150.184441 2.106662 2.3126 VUDS 5120769021
150.203659 2.121047 2.1366 VUDS 5120791186
150.245046 2.158042 2.3533 VUDS 5120988812
150.325595 2.142214 2.3233 VUDS 5120991340
150.1466 2.271857 2.5595 VUDS 5120996922
150.236514 2.348708 2.5124 VUDS 5121212989
150.353893 2.319419 2.4989 VUDS 5121217641
150.298247 2.316526 2.5799 VUDS 5121218036
150.359796 2.314882 2.4804 VUDS 5121218289
150.386158 2.306749 2.1917 VUDS 5121219598
150.2178208 1.9693472 2.2088 VUDS 5150000862
150.166068 1.965166 2.263 VUDS 5170042625
150.179867 1.992502 2.1961 VUDS 5170046899
150.189401 2.018055 2.2266 VUDS 5170051362
150.326503 2.037296 2.1975 VUDS 5170054565
150.212113 2.040089 2.1102 VUDS 5170055021
149.824233 2.068637 2.2196 VUDS 5170060148
150.178656 2.069245 2.2232 VUDS 5170060255
149.809911 2.081656 2.1938 VUDS 5170062533
150.377382 2.124922 2.2347 VUDS 5170070593
150.374588 2.129786 2.5717 VUDS 5170071549
149.872659 2.285739 2.3505 VUDS 5170099062
149.825264 2.293638 2.4354 VUDS 5170100445
